Date,Open,High,Low,Close,Volume,Dividends,Stock Splits,SMA_20,SMA_50,EMA_20,RSI,MACD,MACD_Signal,MACD_Hist,BB_High,BB_Low,BB_Mid,ATR
2024-04-12 00:00:00-04:00,173.4410296238906,177.52176704196785,173.39127675717174,175.72027587890625,101593300,0.0,0.0,,,,,,,,,,,0.0
2024-04-15 00:00:00-04:00,174.53586805138283,175.7999037342719,171.68930847441092,171.87841796875,73531800,0.0,0.0,,,,,,,,,,,0.0
2024-04-16 00:00:00-04:00,170.94284143183614,172.94338974194338,167.47920033817573,168.583984375,73711200,0.0,0.0,,,,,,,,,,,0.0
2024-04-17 00:00:00-04:00,168.81289870293196,169.84800441976404,167.21046447753906,167.21046447753906,50901200,0.0,0.0,,,,,,,,,,,0.0
2024-04-18 00:00:00-04:00,167.24031189258443,167.8474456964944,165.7672716683895,166.2549591064453,43122900,0.0,0.0,,,,,,,,,,,0.0
2024-04-19 00:00:00-04:00,165.42886837664992,165.6179626751691,163.30887389276177,164.22454833984375,67772100,0.0,0.0,,,,,,,,,,,0.0
2024-04-22 00:00:00-04:00,164.74211969252124,166.47393259764522,163.9956444231876,165.06060791015625,48116400,0.0,0.0,,,,,,,,,,,0.0
2024-04-23 00:00:00-04:00,164.57291251221173,166.26492000363532,164.14492548116624,166.11561584472656,49537800,0.0,0.0,,,,,,,,,,,0.0
2024-04-24 00:00:00-04:00,165.75730653407012,168.50434510258808,165.42887079721268,168.2256622314453,48251800,0.0,0.0,,,,,,,,,,,0.0
2024-04-25 00:00:00-04:00,168.73325927633826,169.80818542681567,167.35973999732644,169.09156799316406,50558300,0.0,0.0,,,,,,,,,,,0.0
2024-04-26 00:00:00-04:00,169.081624768213,170.53475474394267,168.38490238817732,168.5043487548828,44838400,0.0,0.0,,,,,,,,,,,0.0
2024-04-29 00:00:00-04:00,172.555222179483,175.20272483761752,172.28650201133237,172.6846160888672,68169400,0.0,0.0,,,,,,,,,,,0.0
2024-04-30 00:00:00-04:00,172.51541154910535,174.1676137755898,169.20105955998108,169.52951049804688,65934800,0.0,0.0,,,,,,,,,,,0.0
2024-05-01 00:00:00-04:00,168.78303163206596,171.89832652202932,168.31523926242042,168.5043487548828,50383100,0.0,0.0,,,,41.41892200193198,,,,,,,3.4920818912819414
2024-05-02 00:00:00-04:00,171.69925171807526,172.60497864880503,170.08687006909776,172.21681213378906,94214900,0.0,0.0,,,,52.784959979542855,,,,,,,3.535549605756247
2024-05-03 00:00:00-04:00,185.77280978325868,186.12117099096088,181.80157098826203,182.5181884765625,163224100,0.0,0.0,,,,70.11306019999319,,,,,,,4.276178838000216
2024-05-06 00:00:00-04:00,181.49304025440043,183.33433694545525,179.5721025190793,180.8560485839844,78569700,0.0,0.0,,,,65.90987906260233,,,,,,,4.239468522884197
2024-05-07 00:00:00-04:00,182.58783874817743,184.0310211595987,180.46785941606436,181.5427703857422,77305800,0.0,0.0,,,,66.79555203859562,,,,,,,4.191160895787779
2024-05-08 00:00:00-04:00,181.9906787165348,182.20964601288568,180.59724908638572,181.88119506835935,45057100,0.0,0.0,,,,67.24715805521936,,,,,,,4.006963469410079
2024-05-09 00:00:00-04:00,181.7020275403552,183.79216432803477,181.25414542501755,183.7025909423828,48983000,0.0,0.0,172.21532669067383,,175.14111574824568,69.64039946838557,,,,184.80308903858247,159.6275643427652,172.21532669067383,3.9020388575248743
2024-05-10 00:00:00-04:00,184.280653249985,184.47001925959685,181.51994258592453,182.43685913085935,50759500,0.25,0.0,172.5511558532715,,175.83594845135175,66.02964062370397,,,,185.8342145124944,159.26809719404858,172.5511558532715,3.834041558678264
2024-05-13 00:00:00-04:00,184.8188384959365,186.4732816834413,184.00157793065927,185.6560211181641,72044800,0.0,0.0,173.2400360107422,,176.77119346723865,70.25392134285927,,,,187.68989439513035,158.79017762635402,173.2400360107422,3.8484973439570984
2024-05-14 00:00:00-04:00,186.8818883882772,187.66925062518712,185.6659738309724,186.8021545410156,52393600,0.0,0.0,174.15094451904298,,177.72652309331264,71.60764814631827,,,,189.57591902553054,158.72597001255542,174.15094451904298,3.717406784176093
2024-05-15 00:00:00-04:00,187.2805836100953,190.01139602124525,186.7423838683229,189.0845184326172,70400000,0.0,0.0,175.24464721679686,,178.80823693515117,74.13225772252774,,,,191.61881496623158,158.87047946736214,175.24464721679686,3.6853785962293975
2024-05-16 00:00:00-04:00,189.83199615864385,190.4598907547877,189.02471179656044,189.2041015625,52845200,0.0,0.0,176.3921043395996,,179.79831928061296,74.26139380094129,,,,193.2934981505733,159.4907105286259,176.3921043395996,3.5246500506578156
2024-05-17 00:00:00-04:00,188.875198802712,190.17084727488813,188.54630236847427,189.23399353027344,41282900,0.0,0.0,177.6425765991211,,180.69695492343777,74.29593680639398,4.35453211328749,,,194.458501464021,160.8266517342212,177.6425765991211,3.38892825464039
2024-05-20 00:00:00-04:00,188.6958217839837,191.2771426664072,188.37688635675943,190.40008544921875,44361300,0.0,0.0,178.90955047607423,,181.62106259255975,75.66782581429666,4.565529542461007,,,195.56019782194272,162.25890313020574,178.90955047607423,3.3540231157123457
2024-05-21 00:00:00-04:00,190.4499145429012,192.08442053272117,190.28048580582157,191.7057037353516,42309400,0.0,0.0,180.18905487060547,,182.58150460615897,77.13905234231632,4.782963977972656,,,196.64222739236317,163.73588234884778,180.18905487060547,3.243302516511435
2024-05-22 00:00:00-04:00,191.625965130265,192.17412585880135,189.63266445026173,190.2605438232422,34648500,0.0,0.0,181.29079895019532,,183.3128416744526,71.95305562523488,4.783528468897856,,,197.33804018412556,165.2435577162651,181.29079895019532,3.1931710087991623
2024-05-23 00:00:00-04:00,190.3402701697929,190.3602074339564,186.0048504863481,186.25401306152344,51005900,0.0,0.0,182.14892120361327,,183.592953235126,59.92481980730882,4.409848297389914,,,197.30579778446216,166.99204462276438,182.14892120361327,3.2761842901426723
2024-05-24 00:00:00-04:00,188.1875250894915,189.9416242186365,187.41012383078692,189.3436279296875,36294600,0.0,0.0,183.1908851623535,,184.14063653936995,64.81011773606792,4.313289254524818,,,197.2801023739286,169.10166795077842,183.1908851623535,3.3055719234976992
2024-05-28 00:00:00-04:00,190.8684893929941,192.3535037829733,188.4665737792376,189.3535919189453,52280100,0.0,0.0,184.02433395385742,,184.63710848028188,64.82501008281787,4.189278137411492,,,197.48713258665867,170.56153532105617,184.02433395385742,3.3470975006575565
2024-05-29 00:00:00-04:00,188.97487295416656,191.6060292626522,188.8752018363686,189.652587890625,53068000,0.0,0.0,185.03048782348634,,185.11477318602886,65.29957635871078,4.0682288993807845,,,196.92641282586436,173.13456282110832,185.03048782348634,3.303078209630846
2024-05-30 00:00:00-04:00,190.1210227262773,191.53626445370173,189.99146851693155,190.6492462158203,49947900,0.0,0.0,186.1377326965332,,185.6418658555328,66.90253834658068,4.006533677299586,4.277706383337291,-0.2711727060377047,195.5345673496474,176.74089804341898,186.1377326965332,3.2016923777341235
2024-05-31 00:00:00-04:00,190.7987489600185,191.92496874276912,189.2738751129784,191.6060333251953,75158300,0.0,0.0,187.10719375610353,,186.20988180502448,68.41114504135942,3.988863359011731,4.219937778472179,-0.23107441946044815,194.30185420702918,179.91253330517787,187.10719375610353,3.1623638957381663
2024-06-03 00:00:00-04:00,192.25384615761888,194.33685694398167,191.8751293663799,193.38006591796875,50080500,0.0,0.0,187.65028762817383,,186.89275648244774,71.04635682147376,4.0710802297594455,4.190166268729633,-0.11908603897018732,195.0151587288301,180.28541652751755,187.65028762817383,3.1315395902416086
2024-06-04 00:00:00-04:00,193.98802704232935,194.66575720064256,192.38341934135104,193.69900512695312,47471400,0.0,0.0,188.29243545532228,,187.54097063906733,71.50656825060801,4.114543524312609,4.175041719846228,-0.06049819553361946,195.411211392218,181.17365951842655,188.29243545532228,3.0708823237451734
2024-06-05 00:00:00-04:00,194.7454708275224,196.24044634116564,194.2172473626493,195.21389770507807,54156800,0.0,0.0,188.97599182128906,,188.271725597735,73.64901321153823,4.222552709760919,4.184543917829167,0.03800879193175177,195.9957999271113,181.9561837154668,188.97599182128906,3.0330651016356973
2024-06-06 00:00:00-04:00,195.03450583879905,195.84179017422775,193.5195930765027,193.82855224609372,41181800,0.0,0.0,189.57335968017577,,188.800947183293,68.57129933976728,4.1485431436859415,4.177343763000522,-0.028800619314580445,196.0919908823104,183.05472847804114,189.57335968017577,2.9822888156420797
2024-06-07 00:00:00-04:00,193.99798178181692,196.28031956711487,193.48969558531903,196.23048400878903,53103900,0.0,0.0,190.1997543334961,,189.50852211905453,72.15576077323558,4.234888688159174,4.188852748032253,0.04603594012692103,196.74905562855065,183.65045303844153,190.1997543334961,2.968598470367349
2024-06-10 00:00:00-04:00,196.24045118441725,196.6391204558344,191.5063619410421,192.47311401367188,97262100,0.0,0.0,190.70156707763672,,189.7908642042562,60.5265242925912,3.9545442725301996,4.141991052931842,-0.18744678040164242,196.25739355029953,185.14574060497392,190.70156707763672,3.123181330683417
2024-06-11 00:00:00-04:00,193.00133588013964,206.46609195915696,192.9814138224934,206.45611572265625,172373300,0.0,0.0,191.74157180786133,,191.37803101553237,76.01743505950184,4.805288308038655,4.274650503953205,0.5306378040854502,200.1730854462663,183.31005816945637,191.74157180786133,3.8995953745978214
2024-06-12 00:00:00-04:00,206.67537368785207,219.46239922329931,206.20694681699416,212.35629272460935,198134300,0.0,0.0,193.019278717041,,193.37596070211112,79.64696282254752,5.887733927945646,4.597267188751694,1.2904667391939526,205.0473316583705,180.9912257757115,193.019278717041,4.567870876862631
2024-06-13 00:00:00-04:00,214.0207098376566,216.02397164318225,210.8912282270037,213.5223846435547,97862700,0.0,0.0,194.24117202758788,,195.29466774415334,80.28210006701948,6.761728752712372,5.03015950154383,1.7315692511685423,209.06281051115573,179.41953354402003,194.24117202758788,4.608218915385196
2024-06-14 00:00:00-04:00,213.13368913916617,214.44925972841028,210.59222763705992,211.7782440185547,70122700,0.0,0.0,195.36987915039063,,196.86453215123916,76.43979988255404,7.2302920698063815,5.470186015196341,1.7601060546100404,211.8325767206716,178.90718158010966,195.36987915039063,4.554562713668422
2024-06-17 00:00:00-04:00,212.65527993528357,218.21659070332572,212.0074632920053,215.94422912597656,93728300,0.0,0.0,196.70539093017578,,198.68164614883318,79.02235816770761,7.847332887269147,5.945615389610902,1.901717497658245,215.17203657440962,178.23874528594195,196.70539093017578,4.689118711604323
2024-06-18 00:00:00-04:00,216.86113841241476,217.8976632564161,212.28651711595563,213.5721893310547,79943300,0.0,0.0,197.86399612426757,,200.09979311856856,74.04546237738096,8.052118582412675,6.366916028171257,1.6852025542414175,217.4750628873005,178.25292936123464,197.86399612426757,4.754977813665477
2024-06-20 00:00:00-04:00,213.21341001933183,213.5223844137921,208.15043943546107,208.97764587402344,86172500,0.0,0.0,198.72759323120118,,200.94530290480233,65.44730472646513,7.754284893062078,6.644389801149422,1.109895091912656,218.6957796499597,178.75940681244268,198.72759323120118,4.802604390946058
2024-06-21 00:00:00-04:00,209.6852627905662,211.1802382889184,206.41625091745036,206.79498291015625,246421400,0.0,0.0,199.55431518554687,,201.5024152862646,61.77731393325785,7.2584559268742055,6.7672030262943785,0.49125290057982696,219.42069286760457,179.68793750348917,199.55431518554687,4.799846032411914
2024-06-24 00:00:00-04:00,207.02421872275744,211.9875333707341,205.89799892378585,207.44281005859372,80727000,0.0,0.0,200.6137550354004,186.752392578125,202.06816716934355,62.450346821623306,6.8389470116237305,6.78155182336025,0.05739518826348089,219.77750659866916,181.45000347213164,200.6137550354004,4.891966633450224
2024-06-25 00:00:00-04:00,208.44942384896885,210.6719651774044,207.91123932751768,208.3697052001953,56713900,0.0,0.0,201.56505889892577,187.4053811645508,202.6683136484723,63.44220865356351,6.50627557066781,6.7264965728217625,-0.22022100215395213,220.2802200633834,182.84989773446813,201.56505889892577,4.773194382404541
2024-06-26 00:00:00-04:00,210.79155216910212,214.1402980033581,209.9344322470105,212.5356903076172,66213200,0.0,0.0,202.7241638183594,188.21852661132812,203.6080638064861,67.5864381398687,6.503819258594461,6.681961109976303,-0.17814185138184158,221.1396498585117,184.30867777820708,202.7241638183594,4.844437126744417
2024-06-27 00:00:00-04:00,213.97086306596705,215.0173489602873,211.6387049296034,213.38284301757807,49772700,0.0,0.0,203.91067657470703,189.11450378417967,204.53899515992342,68.37161860934606,6.495356332737941,6.644640154528631,-0.14928382179068933,221.85634861613826,185.9650045332758,203.91067657470703,4.739737619882953
2024-06-28 00:00:00-04:00,215.0472324898511,215.34623061165476,209.5955543096767,209.9144744873047,82542700,0.0,0.0,204.87393798828126,189.968583984375,205.05094557205496,61.773870095614875,6.138025709407032,6.543317265504312,-0.4052915560972803,221.91423333951926,187.83364263704325,204.87393798828126,4.8119475257468896
2024-07-01 00:00:00-04:00,211.37956216985052,216.78140506529675,211.2101334408119,216.02395629882807,60402900,0.0,0.0,206.0948341369629,190.96396392822265,206.09599421270002,67.68865268962006,6.2754828788344525,6.489750388170341,-0.21426750933588856,222.6497862320104,189.5398820419154,206.0948341369629,4.958732029478688
2024-07-02 00:00:00-04:00,215.4259709293389,219.64181293490427,214.3795002092306,219.5321807861328,58046200,0.0,0.0,207.4024398803711,192.07011657714844,207.37563102921743,70.5103816149894,6.591520131602948,6.5101043368568625,0.08141579474608562,223.86471489234873,190.94016486839348,207.4024398803711,4.9804163649211874
2024-07-03 00:00:00-04:00,219.26308073535037,220.80789184570312,218.29632866276663,220.80789184570312,37369800,0.0,0.0,208.75788421630858,193.18506225585938,208.65489396412084,71.48553965908414,6.865776751696643,6.5812388198248195,0.2845379318718235,224.94559513692394,192.57017329569322,208.75788421630858,4.804069709065138
2024-07-05 00:00:00-04:00,220.90754038733803,225.6914650307592,220.90754038733803,225.5818328857422,60412400,0.0,0.0,210.2762809753418,194.3743865966797,210.26698338522763,74.83865928444152,7.383234907366386,6.741638037333133,0.6415968700332533,226.79115323101203,193.76140871967155,210.2762809753418,4.809748528778775
2024-07-08 00:00:00-04:00,226.32931907748747,227.08678305881676,222.50218547217585,227.056884765625,59085900,0.0,0.0,211.93769760131835,195.5510110473633,211.86602161193213,75.78612418326024,7.822179368381882,6.957746303542883,0.8644330648389991,228.1830649854044,195.6923302172323,211.93769760131835,4.79366631862607
2024-07-09 00:00:00-04:00,227.1664984715379,228.631575647805,225.6117264169712,227.9139862060547,48076100,0.0,0.0,213.52187271118163,196.72745941162108,213.39439919232476,76.343551827958,8.145312843133325,7.195259611460972,0.9500532316723538,229.5086974765058,197.53504794585746,213.52187271118163,4.666965098069478
2024-07-10 00:00:00-04:00,228.53191911989683,232.2992560750062,228.48208356286247,232.1995849609375,62627700,0.0,0.0,215.50819625854493,198.0013641357422,215.185369265526,78.95262413211293,8.64752714319269,7.485713117807316,1.1618140253853735,230.37285163879773,200.64354087829213,215.50819625854493,4.6468440102753386
2024-07-11 00:00:00-04:00,230.61492037011672,231.61157070495585,225.0137503547776,226.80772399902344,64710600,0.0,0.0,216.5257766723633,199.08382629394532,216.29226019252576,68.68828260024604,8.512332604759507,7.691037015197755,0.8212955895617524,231.55787343247152,201.49367991225506,216.5257766723633,4.828200481409949
2024-07-12 00:00:00-04:00,228.1531925563972,231.86073301422448,227.91399100155516,229.76776123046875,53046500,0.0,0.0,217.39635009765624,200.28859130859374,217.5756412437584,70.92316573612459,8.545532644623648,7.861936141082934,0.6835965035407146,233.35020393863323,201.44249625667925,217.39635009765624,4.8442582338235995
2024-07-15 00:00:00-04:00,235.68787221439837,236.43535998230436,232.3092281117703,233.6148376464844,62631300,0.0,0.0,218.40097274780274,201.59080108642578,219.10318375830374,73.56411526785071,8.781048371212194,8.045758587108786,0.7352897841034078,235.7242152765238,201.07773021908167,218.40097274780274,4.974496842253029
2024-07-16 00:00:00-04:00,234.2128217621178,235.47857190808813,231.5517672716992,234.03343200683597,43234300,0.0,0.0,219.51373214721679,202.8271334838867,220.52511216292586,73.84250700559528,8.898892455020842,8.216385360691199,0.6825070943296438,237.82341393357717,201.2040503608564,219.51373214721679,4.899661684691309
2024-07-17 00:00:00-04:00,228.68140979310064,230.68468664215072,225.88082486496336,228.1133270263672,57345900,0.0,0.0,220.12218704223633,203.73903625488282,221.24779929277742,63.63581881322496,8.417549474320452,8.25661818341705,0.1609312909034024,238.72342124145163,201.52095284302104,220.12218704223633,5.13201493163283
2024-07-18 00:00:00-04:00,229.50863493701104,229.66810263837596,221.52547133243425,223.42906188964844,66034600,0.0,0.0,220.61503067016602,204.59049652099608,221.4555385877175,56.93048998415934,7.570828843499953,8.119460315433631,-0.5486314719336782,239.01722957724462,202.21283176308742,220.61503067016602,5.347058958369179
2024-07-19 00:00:00-04:00,224.06692564873424,226.0402889661169,222.5320756847993,223.55862426757807,49151500,0.0,0.0,221.34407958984374,205.43081359863282,221.65583246198995,57.06524642849237,6.831501942452604,7.861868640837427,-1.0303666983848228,238.98386640775053,203.70429277193696,221.34407958984374,5.215712838579779
2024-07-22 00:00:00-04:00,226.24957960487183,227.01700459563804,222.34271224556247,223.20980834960935,48201800,0.0,0.0,222.1648208618164,206.2573858642578,221.80383016557272,56.55222983279777,6.146579574187825,7.518810827507507,-1.3722312533196819,238.49970867781147,205.82993304582132,222.1648208618164,5.177039946543764
2024-07-23 00:00:00-04:00,223.61844622977043,226.17984506717187,221.9341046141529,224.2563018798828,39960300,0.0,0.0,223.00549545288087,207.0684600830078,222.0373989002689,57.77858821563153,5.6233939595954325,7.139727453925092,-1.5163334943296594,237.88934451959219,208.12164638616954,223.00549545288087,5.110518554149137
2024-07-24 00:00:00-04:00,223.24967028544492,224.04699357799976,216.40268749627205,217.80795288085935,61777600,0.0,0.0,223.47740783691407,207.7758819580078,221.634594517468,48.66369361947567,4.635008227903313,6.638783608720736,-2.003775380817423,237.0125390273127,209.94227664651544,223.47740783691407,5.306453970539253
2024-07-25 00:00:00-04:00,218.19665359620475,220.11023564894725,213.9010930254534,216.7614898681641,51391200,0.0,0.0,223.6886978149414,208.3979913330078,221.1704893127724,47.35800928054725,3.7243328048764965,6.055893447951888,-2.3315606430753917,236.65394663077421,210.7234489991086,223.6886978149414,5.370931731464581
2024-07-26 00:00:00-04:00,217.9674309680192,218.7547932697213,215.28643906297688,217.22991943359372,41601300,0.0,0.0,223.88105163574218,209.00654663085936,220.7951969433268,48.03019504615585,3.005765725902563,5.445867903542024,-2.440102177639461,236.33298770616722,211.42911556531715,223.88105163574218,5.2350333368417115
2024-07-29 00:00:00-04:00,216.23326096996,218.5654190781,215.0273073866339,217.50897216796875,36311800,0.0,0.0,224.2607765197754,209.5750357055664,220.48222315519746,48.4524663465071,2.430792697244584,4.842852862282537,-2.4120601650379525,235.37750139051894,213.14405164903184,224.2607765197754,5.113824647886311
2024-07-30 00:00:00-04:00,218.45580119769895,219.5919820328496,215.39607720378967,218.06710815429688,41643800,0.0,0.0,224.36293411254883,210.15229583740233,220.25221220273073,49.339115236805284,1.9971375802852265,4.273709805883074,-2.2765722255978478,235.20927410586583,213.51659411923183,224.36293411254883,5.0482589465415675
2024-07-31 00:00:00-04:00,220.6982497488722,223.07028238181744,219.8909654212368,221.3361053466797,50036300,0.0,0.0,224.45313034057617,210.79433807373047,220.35544012120207,54.297528046118174,1.8953945999483608,3.798046764696132,-1.9026521647477712,235.16647028421042,213.7397903969419,224.45313034057617,5.045038609468639
2024-08-01 00:00:00-04:00,223.618417993468,223.72805013234773,216.29304757526307,217.6285552978516,62501000,0.0,0.0,224.2941635131836,211.33890747070313,220.0957368046925,48.4996905769721,1.4983225220007057,3.338101916157047,-1.8397793941563414,235.3092433179276,213.2790837084396,224.2941635131836,5.21575032001264
2024-08-02 00:00:00-04:00,218.41590675319648,224.84431334230803,216.98074309833055,219.12353515625,105568600,0.0,0.0,223.97124862670898,211.8872640991211,220.0031461715075,50.78184139754835,1.2894089166205447,2.928363316249747,-1.6389543996292022,235.19311781360258,212.74937943981539,223.97124862670898,5.404880314581557
2024-08-05 00:00:00-04:00,198.42310739676373,212.7848420736874,195.34346157584417,208.5690155029297,119548600,0.0,0.0,223.0468551635742,212.25343353271484,218.91418134592865,37.98430213966229,0.2690800635179471,2.396506665703387,-2.12742660218544,236.01041416226354,210.08329616488487,223.0468551635742,6.71739411928329
2024-08-06 00:00:00-04:00,204.61231506511243,209.28660752946877,200.39648844230865,206.5358428955078,69660500,0.0,0.0,221.9779479980469,212.65907012939454,217.7352919696981,36.097131473579125,-0.6955797309695129,1.7780893863688072,-2.47366911733832,236.5816641040505,207.37423189204327,221.9779479980469,6.872588759845921
2024-08-07 00:00:00-04:00,206.2069550428707,212.9243839975228,205.69866882998735,209.1171875,63516400,0.0,0.0,220.823828125,213.05454132080078,216.91452011544115,40.16194750982223,-1.2375212569934035,1.1749672576963652,-2.4124885146897688,235.66040498951637,205.98725126048365,220.823828125,6.897812074680886
2024-08-08 00:00:00-04:00,212.39616246807245,213.48250772924823,208.13050007077933,212.59548950195312,47161100,0.0,0.0,220.11321640014648,213.51937927246092,216.50318386653754,45.218563164472,-1.3705451275743314,0.665864780642226,-2.0364099082165574,235.09600139812264,205.13043140217033,220.11321640014648,6.787397473522887
2024-08-09 00:00:00-04:00,211.38955402452132,216.05387055494424,211.259984607228,215.51568603515625,42201600,0.0,0.0,219.40061264038087,214.03664123535157,216.40913645402503,49.10695820790543,-1.2261972101092624,0.28745238249192834,-1.5136495926011908,233.82413647254867,204.97708880821307,219.40061264038087,6.645003793108126
2024-08-12 00:00:00-04:00,215.59550663031672,219.02793942662467,215.12653755613,217.0522918701172,38028100,0.25,0.0,218.5724853515625,214.5647021484375,216.4703893507957,51.07486304086695,-0.9765521117553533,0.03465148364247203,-1.0112035953978253,231.45615501879445,205.68881568433056,218.5724853515625,6.449032227207165
2024-08-13 00:00:00-04:00,218.52904142421028,221.4027217224782,218.52904142421028,220.7840881347656,44155300,0.0,0.0,217.91001815795897,215.1482632446289,216.88121780641185,55.56830086066063,-0.47213927442058434,-0.06670666797013924,-0.4054326064504451,228.745310311041,207.07472600487694,217.91001815795897,6.299132057575297
2024-08-14 00:00:00-04:00,220.08562480803565,222.54021400164925,219.21752501736543,221.23309326171875,41960600,0.0,0.0,217.56600646972657,215.7053237915039,217.2956821354887,56.0908412452642,-0.03574545413727037,-0.060514425203565474,0.024768971066295102,227.48151165767828,207.65050128177486,217.56600646972657,6.086528980911619
2024-08-15 00:00:00-04:00,224.10676986474732,224.8551228159093,222.27079905335071,224.22650146484372,46414000,0.0,0.0,217.60587844848632,216.3158737182617,217.95576016685584,59.50967170618367,0.545356289685941,0.06065971777433581,0.48469657191160515,227.62127853925242,207.59047835772023,217.60587844848632,5.9104933075744
2024-08-16 00:00:00-04:00,223.42826155403992,226.33187474025672,223.15885022096825,225.5535888671875,44340200,0.0,0.0,217.70562667846679,216.9226675415039,218.67936290022075,60.96091537956044,1.1002850693391508,0.2685847880872988,0.831700281251852,227.99225021406602,207.41900314286755,217.70562667846679,5.714959822696835
2024-08-19 00:00:00-04:00,225.22429606357244,225.49370737790127,222.55017371179116,225.3939208984375,40687800,0.0,0.0,217.8148323059082,217.5539749145508,219.31884461433665,60.67912167634925,1.5097824226219814,0.5168243149942353,0.9929581076277461,228.37559414943365,207.25407046238274,217.8148323059082,5.521278060746799
2024-08-20 00:00:00-04:00,225.27420804373648,226.6711275207631,224.95490346311303,226.0125732421875,30299000,0.0,0.0,217.90264587402345,218.14961669921874,219.95634257889387,61.423201507492905,1.8627593687396313,0.7860113257433146,1.0767480429963168,228.70268897865338,207.1026027693935,217.90264587402345,5.249488489097033
2024-08-21 00:00:00-04:00,226.0225636042008,227.47934890039068,224.55579052395228,225.9028167724609,34765500,0.0,0.0,218.30738906860353,218.81821075439453,220.5226734544717,61.20192792051205,2.1093247292953095,1.0506740064537137,1.0586507228415958,229.65571125189913,206.95906688530792,218.30738906860353,5.08335062390713
2024-08-22 00:00:00-04:00,227.28974628083645,227.8385414771675,223.4082896744648,224.0369110107422,43695300,0.0,0.0,218.67116012573243,219.16982666015625,220.85736274554506,57.41516591757765,2.1296176464107077,1.2664627344451125,0.8631549119655952,230.26178661084384,207.080533640621,218.67116012573243,5.036700708106813
2024-08-23 00:00:00-04:00,225.16444130741013,227.7188169640382,223.8373602369176,226.3418426513672,38677300,0.0,0.0,219.1267562866211,219.4495376586914,221.37969416514716,60.65377828330988,2.3051166992841843,1.474193527412927,0.8309231718712573,231.16273526655374,207.09077730668844,219.1267562866211,4.954183280893514
2024-08-26 00:00:00-04:00,226.2620154817008,226.7808777924977,223.39832305195915,226.68109130859372,30602200,0.0,0.0,219.58536224365236,219.71271179199218,221.8845891311897,61.12242752750713,2.4434093920061457,1.6680367003315708,0.7753726916745749,232.03179397101943,207.13893051628528,219.58536224365236,4.841924099439589
2024-08-27 00:00:00-04:00,225.5036950185404,228.34744239539063,224.3961320136416,227.52923583984372,35934600,0.0,0.0,220.0584686279297,220.02773162841797,222.42217453201388,62.33044115181445,2.5915714997141777,1.8527436602080924,0.7388278395060852,232.9494868416752,207.1674504141842,220.0584686279297,4.778308833890264
2024-08-28 00:00:00-04:00,227.4194670399241,229.35520907583677,225.18438078371824,225.99261474609372,38052200,0.0,0.0,220.29129409790033,220.2286993408203,222.76221645716436,58.767632519156834,2.555539884317767,1.9933029050300277,0.5622369792877393,233.43198915952374,207.15059903627693,220.29129409790033,4.734917366620855
2024-08-29 00:00:00-04:00,229.59470189609323,232.4085012026452,228.37737982242845,229.28536987304688,51906300,0.0,0.0,220.8741348266601,220.54296295166014,223.3834691634389,63.572671789716544,2.7608569492277297,2.146813713869568,0.6140432353581615,234.51523806901287,207.23303158430735,220.8741348266601,4.854986587330184
2024-08-30 00:00:00-04:00,229.6844899472923,229.89402024722435,226.98043458769095,228.49710083007807,52990800,0.0,0.0,221.34281311035153,220.93335205078125,223.87048170311883,61.71840142106572,2.827373279285297,2.2829256269527143,0.5444476523325825,235.35031333811366,207.3353128825894,221.34281311035153,4.716315092487556
2024-09-03 00:00:00-04:00,228.0480979020216,228.4971066385697,220.68429981162345,222.28079223632807,50190600,0.0,0.0,222.02840194702145,221.2430682373047,223.7190827062816,49.46530019545141,2.3513785699510947,2.2966162155523904,0.05476235439870436,234.75129133284764,209.30551256119526,222.02840194702145,4.937493073520321
2024-09-04 00:00:00-04:00,221.17322424578344,221.29295584608855,217.0023958735564,220.3650054931641,43840200,0.0,0.0,222.71986007690424,221.5015121459961,223.3996467812228,46.40743590500801,1.798825612243661,2.197058094890645,-0.39823248264698385,233.32688403756626,212.11283611624222,222.71986007690424,4.961843308466847
2024-09-05 00:00:00-04:00,221.14329437614532,224.9848304496161,221.0335353326016,221.8916473388672,36615400,0.0,0.0,223.35858306884762,221.77195098876953,223.25602778671274,49.107334411290616,1.4671977087142523,2.0510860176553662,-0.583888308941114,231.96135797473153,214.75580816296372,223.35858306884762,4.937413426180074
2024-09-06 00:00:00-04:00,223.45818364879955,224.74535922490057,219.2873705935476,220.33506774902344,48423000,0.0,0.0,223.74556198120112,221.92793853759767,222.9778411164566,46.533236764915955,1.0664834841527977,1.8541655109548527,-0.787682026802055,230.961393029582,216.52973093282023,223.74556198120112,4.97459736940671
2024-09-09 00:00:00-04:00,220.3350822772696,220.7840910234286,216.23410730849412,220.4248809814453,67180000,0.0,0.0,223.9910217285156,222.068779296875,222.7347020559793,46.706818483233434,0.7475445235168934,1.6328413134672608,-0.8852967899503674,230.3539164008751,217.62812705615607,223.9910217285156,4.944267822658694
2024-09-10 00:00:00-04:00,218.43922835246784,220.9936039050013,216.25403537150672,219.62661743164065,51591000,0.0,0.0,224.11973800659175,222.26302215576172,222.43869399651848,45.299148709174865,0.42546540196855176,1.3913661311675192,-0.9659007291989674,230.00196272640008,218.2375132867834,224.11973800659175,4.929646444861257
2024-09-11 00:00:00-04:00,220.97367404683663,222.6000841658612,217.41150656335964,222.1710357666016,44587100,0.0,0.0,224.18908538818354,222.38596374511718,222.4132027365264,50.427611888852944,0.37124914369289286,1.1873427336725941,-0.8160935899797013,229.94369288892028,218.4344778874468,224.18908538818354,4.948141527549851
2024-09-12 00:00:00-04:00,222.0113809042872,223.0590781064196,219.33727360197895,222.28079223632807,37498200,0.0,0.0,224.241470336914,222.4409359741211,222.40059221269797,50.642578946844566,0.33329676064946057,1.0165335390679675,-0.6832367784185069,229.9058563951255,218.5770842787025,224.241470336914,4.860546025899194
2024-09-13 00:00:00-04:00,223.0889978371173,223.54797910505988,221.42266715079168,222.0113677978516,36766600,0.0,0.0,224.1307136535644,222.46500549316406,222.36352322080785,50.068609020295064,0.2782711861284497,0.868881068480064,-0.5906098823516143,229.87795889788404,218.38346840924478,224.1307136535644,4.665172163639838
2024-09-16 00:00:00-04:00,216.0644583037111,216.7429728995392,213.4502168549942,215.84495544433597,59357400,0.0,0.0,223.64528198242184,222.27026794433593,221.74270724209626,39.135877952501836,-0.25991873876111526,0.6431211070318282,-0.9030398457929435,230.38428007669467,216.906283888149,223.64528198242184,4.943456362155376
2024-09-17 00:00:00-04:00,215.27619443719672,216.42366284814068,214.0289395447448,216.31390380859372,45519300,0.0,0.0,223.19128112792964,222.05540832519532,221.22567834366745,40.20518834287893,-0.6412064885912514,0.38625558790721226,-1.0274620764984637,230.58911201170295,215.79345024415633,223.19128112792964,4.761404000815412
2024-09-18 00:00:00-04:00,217.0722490372817,222.22092099435915,217.0622612537557,220.20535278320312,59894900,0.0,0.0,222.90092010498043,221.9012356567383,221.12850448076608,48.31931342081295,-0.6222000326364139,0.18456446379848707,-0.806764496434901,230.28887513106793,215.51296507889293,222.90092010498043,4.843233514026127
2024-09-19 00:00:00-04:00,224.49591687958383,229.3153117998868,224.1367068474718,228.3673858642578,66781300,0.0,0.0,223.02414855957028,221.82459167480468,221.81792175538433,60.44382342818972,0.05088401804070486,0.1578283746469306,-0.10694435660622575,230.6854350911153,215.36286202802526,223.02414855957028,5.147999621358811
2024-09-20 00:00:00-04:00,229.46496974860835,232.5781131211396,227.12012443578536,227.6988525390625,318679900,0.0,0.0,223.20724563598628,221.84241424560548,222.37801040144893,59.2183563062219,0.5243189033927251,0.23112648039608952,0.2931924229966356,231.12726123341665,215.28723003855592,223.20724563598628,5.170141697358486
2024-09-23 00:00:00-04:00,226.8407407931877,228.94610768522745,225.31410200503296,225.97265625,54146000,0.0,0.0,223.18878631591792,221.7665121459961,222.72035762512047,56.05797873230325,0.7515662588471343,0.33521443608629853,0.4163518227608358,231.08116514366077,215.29640748817508,223.18878631591792,5.060274838989629
2024-09-24 00:00:00-04:00,228.147869614878,228.8463445678705,225.2342838755063,226.8706817626953,43556100,0.0,0.0,223.198265838623,221.6316290283203,223.11562659060377,57.333685708845636,0.9926815638899598,0.4667078616470308,0.5259737022429289,231.10783700898534,215.28869466826066,223.198265838623,4.956830971373527
2024-09-25 00:00:00-04:00,224.43603888049125,226.79085685048213,223.52804884217397,225.8728790283203,42308700,0.0,0.0,223.11544799804688,221.46841796875,223.37822206086247,55.408862557212856,1.0906801566783315,0.591502320653291,0.4991778360250405,230.87516009533257,215.35573590076118,223.11544799804688,4.84153111059837
2024-09-26 00:00:00-04:00,226.80083714120576,227.99819881641105,224.9149883158055,227.02035522460935,36636700,0.0,0.0,223.16683502197264,221.44655853271485,223.72509188598121,57.18886812694204,1.2465668401147525,0.7225152245455833,0.5240516155691692,231.01518591360897,215.31848413033632,223.16683502197264,4.715936781313169
2024-09-27 00:00:00-04:00,227.9582911728241,229.01596089620384,226.80083496693396,227.2897491455078,34026000,0.0,0.0,223.0670539855957,221.52377227783202,224.06458305355517,57.61662513704632,1.3759845049857233,0.8532090806336113,0.522775424352112,230.64789675712277,215.48621121406862,223.0670539855957,4.537307434738648
2024-09-30 00:00:00-04:00,229.5348054854851,232.48831176757807,229.1456625683617,232.48831176757807,54541900,0.0,0.0,223.2666145324707,221.70236602783203,224.86684293108115,64.90409877022671,1.876399528454499,1.057847170197789,0.81855235825671,231.583153318011,214.9500757469304,223.2666145324707,4.584539948119477
2024-10-01 00:00:00-04:00,229.0159547825387,229.14565893600417,223.24864947388588,225.71322631835935,63285000,0.0,0.0,223.43823623657227,221.75243438720702,224.9474508727267,52.28625424065954,1.7066164537022814,1.1876010268986876,0.5190154268035938,231.80781293198385,215.06865954116068,223.43823623657227,4.917048687088957
2024-10-02 00:00:00-04:00,225.3939223013361,226.8706678098605,222.53022998119604,226.28196716308597,32880600,0.0,0.0,223.73408432006835,221.79294769287108,225.07454766228471,53.110343817943296,1.5995165456700136,1.269984130652953,0.32953241501706065,232.06643821211946,215.40173042801723,223.73408432006835,4.875862197201491
2024-10-03 00:00:00-04:00,224.6455731013804,226.3119038145279,222.82957789090327,225.1744079589844,34044200,0.0,0.0,223.89822235107422,221.9402767944336,225.08405816673232,51.253845418032846,1.4090259513497756,1.2977924947923176,0.11123345655745798,232.2082372632458,215.58820743890266,223.89822235107422,4.776323891946002
2024-10-04 00:00:00-04:00,227.39951613756347,227.49930262356304,223.63780617480535,226.30194091796875,37245100,0.0,0.0,224.1965660095215,222.13108581542969,225.2000470001834,53.05300722507246,1.3336695570708912,1.3049679072480325,0.02870164982285872,232.40123971007256,215.99189230897042,224.1965660095215,4.710979074575408
2024-10-07 00:00:00-04:00,224.0069975750027,225.19438676879489,220.84396072803747,221.2031707763672,39505400,0.0,0.0,224.23548049926757,222.21055084228516,224.8193921217247,44.96998968084401,0.8526916350770932,1.2145126528138446,-0.36182101773675135,232.3753560877908,216.09560491074433,224.23548049926757,4.764336297100828
2024-10-08 00:00:00-04:00,223.8074274254469,225.4837307412941,222.7597302404025,225.27420043945312,31855700,0.0,0.0,224.5178596496582,222.36585540771483,224.8627071996036,51.3441384897407,0.790894300256042,1.129788982302284,-0.33889468204624196,232.38590176481847,216.6498175344979,224.5178596496582,4.72978084480269
2024-10-09 00:00:00-04:00,224.7353864657012,229.24546472466872,224.3362709632568,229.03591918945312,33591100,0.0,0.0,224.8611038208008,222.58523162841797,225.26015596054162,56.372740611229496,1.0335446726867303,1.1105401203791732,-0.07699544769244282,232.88705400848895,216.83515363311264,224.8611038208008,4.742596053131921
2024-10-10 00:00:00-04:00,227.279775108536,228.99599906464636,226.67111410985407,228.53700256347656,28183500,0.0,0.0,225.1739143371582,222.7292495727539,225.57223658939256,55.552684636146644,1.1720774595823116,1.1228475882198008,0.04922987136251078,233.26065159499984,217.08717707931658,225.1739143371582,4.572753840736715
2024-10-11 00:00:00-04:00,228.79644988971887,228.9062089337624,226.8407474391105,227.05029296875,31759200,0.0,0.0,225.4258605957031,222.91768432617187,225.71300386361708,53.074993599354215,1.1486596188575788,1.1280099943473565,0.020649624510222342,233.4161816806,217.43553951080622,225.4258605957031,4.3936615303020865
2024-10-14 00:00:00-04:00,228.19775690140835,231.22110160659443,228.09798564307096,230.79205322265625,39882100,0.0,0.0,226.17321548461913,223.1510546875,226.19672285019223,58.13579654383365,1.4157101671044074,1.1855500288987666,0.23016013820564085,233.17403898459503,219.17239198464324,226.17321548461913,4.377743466555111
2024-10-15 00:00:00-04:00,233.0969778733182,236.9684620133565,231.85969551276995,233.33645629882807,64751400,0.0,0.0,227.02434310913085,223.64640350341796,226.876697464348,61.20015597638515,1.8117766805866893,1.3107953592363513,0.500981321350338,233.10176486448512,220.9469213537766,227.02434310913085,4.506219561136906
2024-10-16 00:00:00-04:00,231.09139869260775,231.61024577942743,229.33525401328015,231.27099609375,34082200,0.0,0.0,227.5776252746582,224.14110656738282,227.29520209571965,57.51948127546882,1.9366721186011944,1.43597071110932,0.5007014074918743,233.05646247565497,222.09878807366144,227.5776252746582,4.470146898594835
2024-10-17 00:00:00-04:00,232.9173703418766,233.3364614020046,230.0137723986246,231.6401824951172,32993800,0.0,0.0,227.74126510620118,224.59156646728516,227.70900975280514,58.00564147993292,2.0419050992788925,1.5571575887432345,0.484747510535658,233.49336689365938,221.98916331874298,227.74126510620118,4.388185620365204
2024-10-18 00:00:00-04:00,235.66133386929857,235.66133386929857,233.4961010856326,234.4839324951172,46431500,0.0,0.0,228.0805191040039,225.02933532714843,228.3542404901682,61.646662287844,2.327934869333717,1.7113130448613312,0.6166218244723858,234.53951707671757,221.62152113129025,228.0805191040039,4.361968888494931
2024-10-21 00:00:00-04:00,233.9351372634737,236.32987592195377,233.9351372634737,235.96067810058597,36254500,0.0,0.0,228.5799201965332,225.43823516845703,229.0786631197318,63.42032489256645,2.6433061634672583,1.8977116685825166,0.7455944948847417,235.8084617511392,221.35137864192723,228.5799201965332,4.221452443493869
2024-10-22 00:00:00-04:00,233.376366009758,235.70125104779564,232.08920560922664,235.342041015625,38846600,0.0,0.0,229.00348815917968,225.8040301513672,229.67517530029303,62.1242095019341,2.810918821170816,2.0803530991001766,0.7305657220706392,236.7555930423969,221.25138327596247,229.00348815917968,4.196453875484259
2024-10-23 00:00:00-04:00,233.56595129753524,234.62362105235997,227.25982300232985,230.25323486328125,52287000,0.0,0.0,229.22250595092774,225.9934130859375,229.7302285920062,52.60117624257445,2.5042613662368183,2.1651347525275053,0.33912661370931296,236.85503407775633,221.58997782409915,229.22250595092774,4.474008456756466
2024-10-24 00:00:00-04:00,229.4749437774939,230.31311065070705,227.90839952304316,230.06365966796875,31109500,0.0,0.0,229.3746711730957,226.1700244140625,229.76198393257405,52.27966401001952,2.2203412778021914,2.1761760575824427,0.04416522021974867,236.94662487992284,221.80271746626855,229.3746711730957,4.326201504678425
2024-10-25 00:00:00-04:00,229.2354789664412,232.7078323586645,229.0658541264054,230.9018096923828,38802300,0.0,0.0,229.55527420043944,226.30353057861328,229.87053876684155,53.629161036945185,2.0394547001750425,2.148831786100963,-0.10937708592592044,237.09192223279334,222.01862616808555,229.55527420043944,4.277328413791328
2024-10-28 00:00:00-04:00,232.80762499530724,234.21451699403664,232.03931169048732,232.88743591308597,36087100,0.0,0.0,229.57523040771486,226.45020751953126,230.1578623045791,56.749622089645854,2.0328903313189812,2.125643495144567,-0.09275316382558563,237.14487960860552,222.0055812068242,229.57523040771486,4.208426905781507
2024-10-29 00:00:00-04:00,232.58810476348472,233.815399347975,231.8098189074392,233.15684509277344,35417200,0.0,0.0,229.94741134643556,226.60546600341797,230.4434797129786,57.17074983746215,2.026071796477254,2.105729155411104,-0.07965735893385029,237.45261567764214,222.44220701522897,229.94741134643556,4.0510807296925275
2024-10-30 00:00:00-04:00,232.09917848988175,232.95729049985405,229.04590082483264,229.59469604492188,47070900,0.0,0.0,230.11304779052733,226.67710845947266,230.36264317316366,50.20940134497156,1.713480464262915,2.0272794171814663,-0.3137989529185514,237.43125356320485,222.79484201784982,230.11304779052733,4.055356696710261
2024-10-31 00:00:00-04:00,228.83635490362704,229.325284321648,224.8750719925984,225.4138946533203,64370100,0.0,0.0,230.12502212524413,226.66733001708985,229.89133379032143,43.512610176932554,1.1155346603289047,1.8449304658109542,-0.7293958054820495,237.4115808161988,222.83846343428945,230.12502212524413,4.102804364968347
2024-11-01 00:00:00-04:00,220.48474431371312,224.8551305713263,219.78628458026083,222.4204864501953,65276700,0.0,0.0,229.93094940185546,226.63500152587892,229.1798245198332,39.454961619391334,0.3955555594438067,1.5550554845375248,-1.1594999250937181,237.7981003905558,222.06379841315513,229.93094940185546,4.211719058403428
2024-11-04 00:00:00-05:00,220.5046966292777,222.3007315284092,219.2275088130919,221.5224456787109,44944500,0.0,0.0,229.94691314697266,226.53861358642578,228.45055034448822,38.30101848131557,-0.2446769664329338,1.1951089943434332,-1.439785960776367,237.74414395923526,222.14968233471006,229.94691314697266,4.138951814024856
2024-11-05 00:00:00-05:00,221.31291912362707,223.4581915257104,220.65436486265335,222.95928955078125,28111300,0.0,0.0,229.83116760253907,226.46417755126953,227.92757312603993,41.26112031508185,-0.6288752807702735,0.8303121393206919,-1.4591874200909656,237.9639253212025,221.69840988387563,229.83116760253907,4.043585731812869
2024-11-06 00:00:00-05:00,222.1211369530596,225.5735453041769,220.7042571772517,222.23089599609372,54561100,0.0,0.0,229.49091644287108,226.35821075439452,227.38503244699746,40.20798975619105,-0.9808241549894774,0.46808488045865804,-1.4489090354481355,238.27186208639395,220.7099707993482,229.49091644287108,4.102564474320893
2024-11-07 00:00:00-05:00,224.13670611072257,227.37956894750107,224.0768403097807,226.98043823242188,42137700,0.0,0.0,229.41308822631837,226.3779672241211,227.34649966465693,49.29573305100668,-0.8665092295568115,0.20116605845556412,-1.0676752880123757,238.25386236100272,220.572314091634,229.41308822631837,4.177286508398497
2024-11-08 00:00:00-05:00,226.92049995960824,228.4088689967903,226.16134014604208,226.7107391357422,38328800,0.25,0.0,229.39611053466797,226.326474609375,227.28595104285552,48.841773930258206,-0.7885859625904743,0.0032156542463564197,-0.7918016168368307,238.25625230374135,220.5359687655946,229.39611053466797,4.039446675709191
2024-11-11 00:00:00-05:00,224.7528927426808,225.45212091614076,221.25673663335024,223.98373413085935,42005600,0.0,0.0,229.05569458007812,226.23620727539063,226.97145419409398,44.390460327014054,-0.936087096124993,-0.18464489582791346,-0.7514422002970795,238.1939445519925,219.91744460816375,229.05569458007812,4.140486377615102
2024-11-12 00:00:00-05:00,224.30339000560164,225.34224111445195,223.11469448970428,223.98373413085935,40398300,0.0,0.0,228.5880584716797,226.27026611328125,226.6869094261669,44.390460327014054,-1.0409830030694138,-0.35591251727621354,-0.6850704857932003,237.75936431168014,219.41675263167923,228.5880584716797,4.003847823838857
2024-11-13 00:00:00-05:00,223.76397540644064,226.4010754152989,222.5153482196322,224.8727569580078,48566200,0.0,0.0,228.26814651489258,226.36042114257813,226.51413300062794,46.24283759763643,-1.0403841518935906,-0.492806844199689,-0.5475773076939016,237.48902165671942,219.04727137306574,228.26814651489258,3.9954106361122745
2024-11-14 00:00:00-05:00,224.77287777547028,228.61864039722624,224.7528954725484,227.9693603515625,44923900,0.0,0.0,228.08460540771483,226.48197540283203,226.65272608166933,52.213746953963984,-0.7810362439150538,-0.550452724142762,-0.23058351977229175,237.1749034409455,218.99430737448415,228.08460540771483,3.9861487995812435
2024-11-15 00:00:00-05:00,226.15134020310103,226.6707733581308,224.023689933323,224.7528839111328,47923700,0.0,0.0,227.59805297851562,226.57033172607422,226.4717887320944,46.44333270923614,-0.8255277557733791,-0.6054677304688855,-0.22006002530449364,236.2995690222499,218.89653693478135,227.59805297851562,3.9832574866282617
2024-11-18 00:00:00-05:00,225.00261496304853,229.4876892234719,224.9227009955052,227.7695770263672,44686000,0.0,0.0,227.1884979248047,226.71722564697265,226.59538761726327,51.82123865171012,-0.6103301703357431,-0.606440218442257,-0.0038899518934860655,235.00288365911717,219.3741121904922,227.1884979248047,4.036939474179035
2024-11-19 00:00:00-05:00,226.7307063420897,229.9072217123872,226.4110657200773,228.0292816162109,36211800,0.0,0.0,226.82285995483397,226.88527893066407,226.7319489504964,52.26562841291456,-0.4140555686481946,-0.5679632884834446,0.15390771983524998,233.70582373220952,219.93989617745842,226.82285995483397,3.9983120826169554
2024-11-20 00:00:00-05:00,227.80951934283004,229.67746064503265,225.64190448211676,228.7484893798828,35169600,0.0,0.0,226.74762268066405,227.01682800292969,226.92400041996177,53.543577642200276,-0.1981878902394385,-0.49400820883464336,0.29582031859520486,233.51080707153997,219.98443828978813,226.74762268066405,4.00097237406688
2024-11-21 00:00:00-05:00,228.6286329426038,229.907225938216,225.46211628612437,228.2690277099609,42108300,0.0,0.0,226.65789108276368,227.13659271240235,227.05209825710455,52.533846384117545,-0.06504989489599211,-0.40821654604691315,0.34316665115092104,233.2890426010703,220.02673956445707,226.65789108276368,4.032696465354361
2024-11-22 00:00:00-05:00,227.80952873867184,230.4666110292765,227.80952873867184,229.61753845214844,38168300,0.0,0.0,226.59367752075195,227.2887161254883,227.29642589472778,55.098587967825125,0.14757531615893527,-0.2970581736057435,0.44463348976467876,233.08254571249097,220.10480932901294,226.59367752075195,3.934438310015096
2024-11-25 00:00:00-05:00,231.2058026888721,232.99383009111637,229.48769048234251,232.6142425537109,90152800,0.0,0.0,226.58001785278321,227.6241018676758,227.80288462415473,60.23997562013739,0.5515335686353637,-0.12733982515752207,0.6788733937928858,233.0167736961137,220.14326200945274,226.58001785278321,3.903845545640721
2024-11-26 00:00:00-05:00,233.07373841155265,235.31128373473047,233.07373841155265,234.8018341064453,45986200,0.0,0.0,226.6622673034668,227.99386047363282,228.46945124151574,63.52350225624001,1.0362485220058204,0.10537784427514642,0.930870677730674,233.46472914393004,219.85980546300354,226.6622673034668,3.817645233882067
2024-11-27 00:00:00-05:00,234.21249554010248,235.43115689965904,233.55321672420507,234.67198181152344,33498400,0.0,0.0,226.91613159179687,228.28319305419922,229.06016843865933,63.18991477333969,1.393843262265193,0.36307092787315576,1.0307723343920374,234.4743705678265,219.35789261576724,226.91613159179687,3.6790948725657744
2024-11-29 00:00:00-05:00,234.5521145499528,237.5488197625333,233.71304074851764,237.06935119628903,28481400,0.0,0.0,227.4989044189453,228.45723236083984,229.8229477489098,66.66993292152196,1.8493689696603326,0.6603305362305911,1.1890384334297415,236.21295687747838,218.78485196041223,227.4989044189453,3.6902865969550516
2024-12-02 00:00:00-05:00,237.00941446483552,240.52553753151284,236.89953466637493,239.3268585205078,48137100,0.0,0.0,228.34422302246094,228.68979248046875,230.72808210810962,69.58581382916427,2.3652729546550972,1.0013190199154924,1.3639539347396048,238.13700045876246,218.55144558615942,228.34422302246094,3.685694901825255
2024-12-03 00:00:00-05:00,239.54662188503684,242.49337894569655,238.6376176509325,242.3834991455078,38861000,0.0,0.0,229.38727569580078,229.0180093383789,231.83812182595707,73.02668080136985,2.986351135723311,1.3983254430770562,1.5880256926462546,240.41721585818513,218.35733553341643,229.38727569580078,3.6978425013208835
2024-12-04 00:00:00-05:00,242.6032573953393,243.84190102311464,240.9850414761411,242.74310302734372,44383900,0.0,0.0,230.3764663696289,229.33545776367188,232.87669146418438,73.40784308571742,3.4676047082084267,1.8121812961033303,1.6554234121050964,242.4245953029907,218.3283374362671,230.3764663696289,3.6377722902960734
2024-12-05 00:00:00-05:00,243.72204013219252,244.2714238935446,241.86408229295347,242.7730712890625,40033900,0.0,0.0,231.40357513427733,229.67346160888673,233.81920382845848,73.44152529139612,3.8075289957545806,2.2112508360335807,1.5962781597209998,243.98938859630272,218.81776167225195,231.40357513427733,3.549884383888578
2024-12-06 00:00:00-05:00,242.6432183998472,244.3613305629988,241.8141281502541,242.5732879638672,36870600,0.0,0.0,232.1832176208496,229.98452026367187,234.65292612706884,72.77970569623504,4.0145236680813525,2.5719054024431354,1.4426182656382172,245.48776570795178,218.87866953374743,232.1832176208496,3.4782642430925863
2024-12-09 00:00:00-05:00,241.56440918324205,246.96847124510987,241.48449521514056,246.47900390625,44649200,0.0,0.0,233.171630859375,230.36830535888672,235.7792192488956,77.12051139956799,4.442516507409692,2.946027623436447,1.4964888839732455,247.593400994529,218.749860724221,233.171630859375,3.621529370726638
2024-12-10 00:00:00-05:00,246.61884065291167,247.93739821602463,245.0705399660552,247.4978790283203,36914800,0.0,0.0,234.34733810424805,230.66849670410156,236.89528208503128,78.10157118420574,4.808489351294668,3.318519969008091,1.489969382286577,249.4013439428778,219.29333226561832,234.34733810424805,3.5676242906725513
2024-12-11 00:00:00-05:00,247.6876707672576,250.5245479203196,245.98952569372008,246.2192840576172,45205800,0.0,0.0,235.45911560058593,231.07861785888673,237.78328227289663,73.8235698097765,4.93842643244426,3.642501261695325,1.2959251707489345,250.57158256215575,220.3466486390161,235.45911560058593,3.6367241432387636
2024-12-12 00:00:00-05:00,246.61885092340057,248.46682524629017,245.4101731068781,247.68768310546875,32777500,0.0,0.0,236.599861907959,231.50673217773436,238.7265585426654,75.48437933720511,5.10108787098045,3.934218583552351,1.1668692874280993,251.78784478574215,221.41187903017584,236.599861907959,3.5952904286797147
2024-12-13 00:00:00-05:00,247.54782582286597,249.016197294528,245.96955931284188,247.85748291015625,33155300,0.0,0.0,237.59426803588866,231.9603936767578,239.59617038718832,75.67656109450537,5.183942397033945,4.1841633462486705,0.9997790507852748,252.9945649294426,222.19397114233473,237.59426803588866,3.5561009681801727
2024-12-16 00:00:00-05:00,247.71764416028495,251.1039203968556,247.3780059899919,250.7642822265625,51694800,0.0,0.0,238.89483795166015,232.4496405029297,240.65980008617635,78.74793660183761,5.421662072065146,4.4316630914119655,0.9899989806531808,254.13008791662526,223.65958798669504,238.89483795166015,3.568230499514712
2024-12-17 00:00:00-05:00,249.80533943156328,253.5512208135588,249.50566587259755,253.20159912109372,51356400,0.0,0.0,240.16643905639648,233.0896090698242,241.85425713712087,80.92312468002628,5.74055419568964,4.693441312267501,1.0471128834221393,255.71723842226103,224.61563969053194,240.16643905639648,3.6023251024751803
2024-12-18 00:00:00-05:00,251.883059276542,254.0007260278641,247.46791553993853,247.77757263183597,56774100,0.0,0.0,241.15385360717772,233.53967651367188,242.41838242233183,64.9830518478446,5.492293157270154,4.853211681268032,0.6390814760021222,255.98797520746334,226.3197320068921,241.15385360717772,3.8116454871502077
2024-12-19 00:00:00-05:00,247.2281772707384,251.72323503929724,246.81862390484892,249.51565551757807,60882300,0.0,0.0,242.1922119140625,233.94927124023437,243.09431319330767,67.2118365288338,5.373846896889376,4.957338724392301,0.4165081724970747,256.2969538710618,228.08746995706318,242.1922119140625,3.8897144619572153
2024-12-20 00:00:00-05:00,247.76758181309805,254.71994465608725,245.4201718605057,254.21051025390625,147495300,0.0,0.0,243.48928604125976,234.46274139404298,244.1529986276504,72.33419026309352,5.594325026305057,5.084735984774852,0.5095890415302051,256.9922867384599,229.98628534405964,243.48928604125976,4.27614720007324
2024-12-23 00:00:00-05:00,254.49020366493687,255.36922684225436,253.171646035914,254.9896545410156,40858800,0.0,0.0,244.7578918457031,235.02152862548826,245.18506109558993,73.08566863260383,5.765465269960771,5.2208818418120355,0.5445834281487354,257.55868103899695,231.9571026524093,244.7578918457031,4.127678171949463
2024-12-24 00:00:00-05:00,255.2094124344067,257.92641115938613,255.0096198916901,257.9164428710937,23234700,0.0,0.0,246.02300186157225,235.564016418457,246.39757364563792,75.7503024331477,6.067322190666374,5.390169911582904,0.6771522790834705,258.77423866253855,233.27176506060596,246.02300186157225,4.042612346693826
2024-12-26 00:00:00-05:00,257.90642916266114,259.81433504408284,257.3470466563245,258.7355041503906,27237100,0.0,0.0,247.21968536376954,236.07199737548825,247.57261464609056,76.45289134144993,6.3000147269959825,5.572138874665519,0.7278758523304631,260.02610781765935,234.4132629098797,247.21968536376954,3.930089206769863
2024-12-27 00:00:00-05:00,257.54682582842287,258.41589596104086,252.78207543596488,255.30929565429688,42355300,0.0,0.0,248.2515510559082,236.5527633666992,248.30944140877688,67.62630637577483,6.137212877115729,5.685153675155561,0.4520592019601679,260.1404052851665,236.36269682664994,248.2515510559082,4.074613457316711
2024-12-30 00:00:00-05:00,251.95298524244893,253.22159473829512,250.47461491371797,251.9230194091797,35557500,0.0,0.0,248.99423446655274,236.95842010498043,248.65359169452952,60.22559950077493,5.669591523586348,5.682041244841719,-0.012449721255371138,259.8028494344608,238.18561949864466,248.99423446655274,4.128903977549725
2024-12-31 00:00:00-05:00,252.16275955239965,253.00183336212825,249.15605553782555,250.1449737548828,39480700,0.0,0.0,249.53514022827147,237.27164093017575,248.79562808122984,56.715917983560736,5.096772387873415,5.564987473448058,-0.4682150855746432,259.39561942543787,239.67466103110507,249.53514022827147,4.108680680889223
2025-01-02 00:00:00-05:00,248.65660659999048,248.826433311358,241.5544297530332,243.5821990966797,55740700,0.0,0.0,249.59507522583007,237.42407135009762,248.2991110350822,46.04905798664404,4.066373406955364,5.26526466014952,-1.198891253194156,259.2941983186631,239.89595213299705,249.59507522583007,4.428813775243538
2025-01-03 00:00:00-05:00,243.0927276611328,243.911819160746,241.624340886356,243.0927276611328,40244100,0.0,0.0,249.61255645751953,237.57908508300778,247.80326499946796,45.363782134147186,3.1736941659992794,4.846950561319472,-1.6732563953201929,259.26335780065887,239.9617551143802,249.61255645751953,4.275861239468285
2025-01-06 00:00:00-05:00,244.04168187374515,247.0583693989477,242.93290033169583,244.73092651367188,45045600,0.0,0.0,249.71044921875,237.86863891601558,247.51066133415404,48.14514742325682,2.568816672962697,4.391323783648117,-1.8225071106854198,259.11842377769517,240.3024746598048,249.71044921875,4.265118941452826
2025-01-07 00:00:00-05:00,242.71314361950863,245.28032844029428,241.08494412707995,241.94400024414065,40856000,0.0,0.0,249.67898483276366,238.10624572753903,246.98050313510515,44.03792869676252,1.8433166364276872,3.8817223542040313,-2.038405717776344,259.185916885262,240.17205278026535,249.67898483276366,4.260137896578648
2025-01-08 00:00:00-05:00,241.6542990502637,243.44234164075263,239.78635773622744,242.43344116210935,37628900,0.0,0.0,249.47670669555663,238.33687835693357,246.54744961386746,44.92651043589027,1.2929421894484676,3.3639663212529185,-2.071024131804451,259.40996881342676,239.54344457768647,249.47670669555663,4.216984040003401
2025-01-10 00:00:00-05:00,239.7463920626497,239.8962364632009,232.74409661721964,236.58987426757807,61710900,0.0,0.0,248.93130645751953,238.4109271240234,245.59910910469702,37.30948673094819,0.38084927000701896,2.767342911003739,-2.38649364099672,260.3291478690214,237.53346504601765,248.93130645751953,4.607866933209565
2025-01-13 00:00:00-05:00,233.27352322575203,234.4122706050548,229.46771001708316,234.1425628662109,49630700,0.0,0.0,248.3274703979492,238.43064147949215,244.50800946293643,34.65917625318241,-0.5333207276132441,2.1072101832803423,-2.6405309108935864,261.39355975922246,235.26138103667594,248.3274703979492,4.787459598729947
2025-01-14 00:00:00-05:00,234.49217517741417,235.8606656353981,232.21468051006943,233.02378845214844,39435300,0.0,0.0,247.5942756652832,238.49922332763668,243.41427412857567,33.488045838055456,-1.332720015444778,1.4192241435353183,-2.7519441589800966,262.268438803141,232.92011252742537,247.5942756652832,4.705925707772713
2025-01-15 00:00:00-05:00,234.38230107288464,238.6975638581554,234.17252500331003,237.60874938964844,39832000,0.0,0.0,247.08183898925782,238.74312042236323,242.8613670105826,42.11972703551602,-1.5780904366467894,0.8197612274988968,-2.397851664145686,262.38572705073585,231.77795092777978,247.08183898925782,4.77505782907516
2025-01-16 00:00:00-05:00,237.089336348529,237.74859991927727,227.7795647267042,228.00930786132807,71759100,0.0,0.0,245.9440902709961,238.8548968505859,241.44688518684404,32.58499735315998,-2.518115698404415,0.1521858423182345,-2.6703015407226496,263.2377686622639,228.6504118797283,245.9440902709961,5.146056212182153
2025-01-17 00:00:00-05:00,231.86506609768284,232.03487756377,228.22906438809176,229.7274169921875,68488300,0.0,0.0,244.77038116455077,239.01899627685543,240.33074535878154,35.4035176548725,-3.0888491130074556,-0.49602114874690356,-2.592827964260552,263.09039075894975,226.45037157015182,244.77038116455077,5.066021461486423
2025-01-21 00:00:00-05:00,223.75398423747347,224.17352112887505,219.13906319002533,222.39547729492188,98070400,0.0,0.0,243.50127639770508,239.00772003173824,238.62262459079489,29.697453565265548,-4.085688440891346,-1.213954607175792,-2.871733833715554,264.1773221616512,222.82523063375896,243.50127639770508,5.460473771534692
2025-01-22 00:00:00-05:00,219.54859611049605,223.87384226456612,219.54859611049605,223.58416748046875,64126500,0.0,0.0,242.2047019958496,239.03478546142574,237.19039058028764,31.621623787510146,-4.725303073965932,-1.9162243005338202,-2.809078773432112,264.4055610332677,220.00384295843153,242.2047019958496,5.379386084572934
2025-01-23 00:00:00-05:00,224.493183388126,226.78066167492807,222.0558606945357,223.41436767578125,60234800,0.0,0.0,240.66489486694337,238.96346405029294,235.87838839890608,31.489041633864275,-5.186121325620917,-2.57020370555124,-2.615917620069677,263.5817350594423,217.7480546744445,240.66489486694337,5.332630005702893
2025-01-24 00:00:00-05:00,224.53312753788663,225.38220009721184,221.16683361690275,222.5353240966797,54697900,0.0,0.0,239.04217834472655,238.87995574951168,234.60762037012262,30.769785986432865,-5.5581833031636165,-3.167799625073715,-2.3903836780899015,262.26598613073463,215.81837055871847,239.04217834472655,5.252825468174764
2025-01-27 00:00:00-05:00,223.7739617116392,231.89502211760887,223.73399710835045,229.6075439453125,94863400,0.0,0.0,237.6267333984375,238.99243194580075,234.1314226153788,42.20719475896756,-5.222178046325666,-3.5786753093241055,-1.643502737001561,259.4873418864329,215.7661249104421,237.6267333984375,5.546173507657223
2025-01-28 00:00:00-05:00,230.59647127201652,239.9262098046868,230.55650666713984,237.99832153320312,75707600,0.0,0.0,236.58987426757812,239.2727236938476,234.49969870279062,52.280251017147656,-4.230064284853626,-3.7089531044300097,-0.5211111804236159,256.19848133317845,216.9812672019778,236.58987426757812,5.8870658184941576
2025-01-29 00:00:00-05:00,233.8628715636517,239.5965730646729,233.75299176206667,239.0971221923828,45486100,0.0,0.0,235.7792655944824,239.5572109985351,234.93754855894227,53.4250809548841,-3.31690770365347,-3.6305440242747022,0.31363632062123203,253.47228784592662,218.0862433430382,235.7792655944824,5.88395978164502
2025-01-30 00:00:00-05:00,238.40787147181928,240.52553823889048,236.94948349745044,237.3290557861328,55658300,0.0,0.0,235.04956741333007,239.74440490722654,235.16531115200803,51.29270972283166,-2.7047144521729365,-3.445378109854349,0.7406636576814125,251.15141237375337,218.94772245290676,235.04956741333007,5.719109421630378
2025-01-31 00:00:00-05:00,246.9185272875337,246.9185272875337,233.1836281545949,235.7408142089844,101075100,0.0,0.0,234.32935943603516,239.96416351318356,235.22012096695815,49.38583273069906,-2.320950241900391,-3.2204925362635572,0.8995422943631661,248.87982055967163,219.7788983123987,234.32935943603516,6.291665829580978
2025-02-03 00:00:00-05:00,229.73741895869952,231.5753945205246,225.45212191586603,227.75958251953125,73063300,0.0,0.0,233.53822860717773,239.96396362304685,234.50959349577462,41.114109972330645,-2.6305101521913343,-3.1024960594491127,0.47198590725777834,247.70585904936493,219.37059816499053,233.53822860717773,6.577167719833649
2025-02-04 00:00:00-05:00,227.00041910872287,232.87396618357337,226.40107197135944,232.54432678222656,45067300,0.0,0.0,233.01080856323242,240.05426452636715,234.32242523734146,46.86037400869899,-2.461376520754783,-2.974272151710247,0.5128956309554642,246.48481845147623,219.5367986749886,233.01080856323242,6.569719612146526
2025-02-05 00:00:00-05:00,228.2790158263464,232.4144684638066,228.0193068583431,232.21469116210935,39620300,0.0,0.0,232.3849967956543,240.1235885620117,234.12168865874793,46.52354674435048,-2.3271102604562657,-2.844839773459451,0.5177295130031854,244.73962785544592,220.0303657358627,232.3849967956543,6.42366963441345
2025-02-06 00:00:00-05:00,231.0359788855247,233.54323203112875,230.1769227714588,232.9638671875,29925300,0.0,0.0,231.93599014282228,240.21748535156246,234.01141994720052,47.44808409428925,-2.1356327922657954,-2.70299837722072,0.5673655849549246,243.49551390147667,220.37646638416788,231.93599014282228,6.205286750503199
2025-02-07 00:00:00-05:00,232.3445476829273,233.74300400322835,227.0104008794231,227.3800048828125,39707200,0.0,0.0,231.1833183288574,240.17273468017575,233.379856607735,41.6660609867629,-2.4067134464247886,-2.6437413910615337,0.23702794463674515,241.8354840638696,220.53115259384523,231.1833183288574,6.24295220573906
2025-02-10 00:00:00-05:00,229.57000732421875,230.58999633789065,227.1999969482422,227.6499938964844,33115600,0.25,0.0,230.73632431030273,240.07344970703122,232.83415539713974,42.033877706034495,-2.5701340553285377,-2.6290199239149343,0.05888586858639666,241.19195088745494,220.28069773315053,230.73632431030273,6.0391698617325895
2025-02-11 00:00:00-05:00,228.1999969482422,235.22999572753903,228.1300048828125,232.6199951171875,53718400,0.0,0.0,230.66019592285156,240.02981292724607,232.81375918000145,48.47449516798879,-2.2724135340964438,-2.5576986459512363,0.28528511185479255,241.0373870609746,220.28300478472852,230.66019592285156,6.1492292881127355
2025-02-12 00:00:00-05:00,231.1999969482422,236.9600067138672,230.67999267578125,236.8699951171875,45243300,0.0,0.0,230.8525062561035,240.07377319335933,233.20006736449537,53.25731508625567,-1.674228925904913,-2.3810047019419716,0.7067757760370585,241.53581895104614,220.16919356116088,230.8525062561035,6.158571055967964
2025-02-13 00:00:00-05:00,236.91000366210935,242.33999633789065,235.57000732421875,241.52999877929688,53614100,0.0,0.0,231.04856872558594,240.1629861450195,233.99339416590504,57.87461100692359,-0.8147480555477955,-2.0677533726631365,1.253005317115341,242.34687891918654,219.75025853198534,231.04856872558594,6.202243767232531
2025-02-14 00:00:00-05:00,241.25,245.5500030517578,240.9900054931641,244.6000061035156,40896200,0.0,0.0,231.87810363769532,240.26844909667966,235.00354768377272,60.63352653110019,0.1128201400320279,-1.6316386701241037,1.7444588101561316,244.51852175698914,219.2376855184015,231.87810363769532,6.084940466615473
2025-02-18 00:00:00-05:00,244.1499938964844,245.17999267578125,241.83999633789065,244.47000122070312,48822500,0.0,0.0,232.6152328491211,240.31017913818357,235.9051146872899,60.4529684022884,0.8278908993072207,-1.1397327562378388,1.9676236555450595,246.34085919810713,218.88960650013507,232.6152328491211,5.88887302884941
2025-02-19 00:00:00-05:00,244.66000366210935,246.00999450683597,243.16000366210935,244.8699951171875,32204200,0.0,0.0,233.73895874023438,240.35271697998044,236.75891282347064,60.83936414766918,1.4106052135664982,-0.6296651622769714,2.0402703758434697,247.61299701646783,219.86492046400093,233.73895874023438,5.671810015697782
2025-02-20 00:00:00-05:00,244.94000244140625,246.77999877929688,244.2899932861328,245.8300018310547,32316900,0.0,0.0,234.85125045776368,240.41385559082028,237.62282606228817,61.803953464934374,1.9276542265445755,-0.1182012845126621,2.045855511057238,248.85678058445947,220.8457203310679,234.85125045776368,5.444538264088231
2025-02-21 00:00:00-05:00,245.9499969482422,248.69000244140625,245.22000122070312,245.5500030517578,53197400,0.0,0.0,235.9580322265625,240.4733898925781,238.37779529938052,61.32946198466507,2.2884459525915304,0.3631281629081764,1.925317789683354,249.66887517856716,222.24718927455783,235.9580322265625,5.303499903846437
2025-02-24 00:00:00-05:00,244.92999267578125,248.8600006103516,244.4199981689453,247.1000061035156,51326400,0.0,0.0,237.1862663269043,240.4858099365234,239.2084820426315,63.021918935561665,2.6686853437646505,0.8242395990794713,1.8444457446851792,250.25331940326777,224.11921325054084,237.1862663269043,5.24182151367214
2025-02-25 00:00:00-05:00,248.0,250.0,244.91000366210935,247.0399932861328,48013300,0.0,0.0,238.05788879394532,240.47665222167964,239.95434025629828,62.90712118626529,2.931393982826819,1.245670475828941,1.685723506997878,251.31084143138625,224.8049361565044,238.05788879394532,5.230976858259177
2025-02-26 00:00:00-05:00,244.3300018310547,244.97999572753903,239.1300048828125,240.3600006103516,44433600,0.0,0.0,238.17597274780275,240.35946655273435,239.99297457573192,51.63293469034547,2.570936731798099,1.5107237270227727,1.0602130047753264,251.46672940199497,224.88521609361052,238.17597274780275,5.422334825763543
2025-02-27 00:00:00-05:00,239.41000366210935,242.4600067138672,237.05999755859372,237.3000030517578,41153600,0.0,0.0,238.08611679077148,240.15171295166013,239.7365010972582,47.43874230818426,2.015126410998363,1.611604263817891,0.40352214718047197,251.37504742460078,224.7971861569422,238.08611679077148,5.420740135014252
2025-02-28 00:00:00-05:00,236.9499969482422,242.08999633789065,230.1999969482422,241.83999633789065,56833400,0.0,0.0,238.31166381835936,240.0313632202148,239.93683397731843,53.47695594301149,1.9188627874877966,1.6730559685518722,0.24580681893592438,251.6943349120543,224.92899272466443,238.31166381835936,5.882830081773839
2025-03-03 00:00:00-05:00,241.7899932861328,244.02999877929688,236.1100006103516,238.02999877929688,47184000,0.0,0.0,238.426123046875,239.7766775512695,239.7552306251259,48.447004152360364,1.5176437582684912,1.641973526495196,-0.12432976822670483,251.75794570689,225.09430038686,238.426123046875,6.028342088000371
2025-03-04 00:00:00-05:00,237.7100067138672,240.07000732421875,234.67999267578125,235.92999267578125,53798100,0.0,0.0,238.8346435546875,239.43124542236325,239.39092224899784,45.88517546646735,1.0184814250296768,1.5172751062020924,-0.4987936811724156,251.3070553270145,226.36223178236048,238.8346435546875,5.982747270888737
2025-03-05 00:00:00-05:00,235.4199981689453,236.5500030517578,229.22999572753903,235.7400054931641,47227600,0.0,0.0,238.9944274902344,239.1904940795898,239.04321589129938,45.64998903404717,0.6006375263001473,1.3339475902217035,-0.7333100639215562,251.21983839216446,226.7690165883043,238.9944274902344,6.078265846126597
2025-03-06 00:00:00-05:00,234.44000244140625,237.8600006103516,233.16000366210935,235.3300018310547,45170400,0.0,0.0,239.15019302368165,238.9067810058594,238.68957645699038,45.11260361715631,0.23371523343720924,1.1139011188648047,-0.8801858854275955,251.10244211169606,227.19794393566724,239.15019302368165,5.979818067706286
2025-03-07 00:00:00-05:00,235.1100006103516,241.3699951171875,234.75999450683597,239.07000732421875,46273600,0.0,0.0,239.45550003051758,238.60397094726562,238.72580796815498,50.80194883480934,0.241925097646714,0.9395059146211866,-0.6975808169744726,251.06715664218356,227.8438434188516,239.45550003051758,6.024831106466661
2025-03-10 00:00:00-04:00,235.5399932861328,236.16000366210935,224.22000122070312,227.47999572753903,72071200,0.0,0.0,239.46049957275392,238.0537777709961,237.65477823095347,37.74491740346792,-0.6789589833789194,0.6158129350211654,-1.2947719184000848,251.05142245815168,227.86957668735616,239.46049957275392,6.655200749113016
2025-03-11 00:00:00-04:00,223.80999755859372,225.83999633789065,217.4499969482422,220.83999633789065,76137400,0.0,0.0,239.11999969482423,237.31224884033202,236.05337043161416,32.57876158884929,-1.922398496936438,0.1081706486296447,-2.0305691455660826,252.36132711868282,225.87867227096564,239.11999969482423,6.896257751269004
2025-03-12 00:00:00-04:00,220.13999938964844,221.75,214.91000366210935,216.97999572753903,62547500,0.0,0.0,238.3379997253418,236.477138671875,234.23685855503558,30.007518588914962,-3.182615845456155,-0.5499866501875152,-2.63262919526864,254.539005847468,222.13699360321561,238.3379997253418,6.892239078884836
2025-03-13 00:00:00-04:00,215.9499969482422,216.83999633789065,208.4199981689453,209.67999267578125,61368300,0.0,0.0,236.97849960327147,235.56455261230468,231.89810942367802,25.85201796711995,-4.71603291927471,-1.3831959040049542,-3.3328370152697557,257.44566606925196,216.51133313729096,236.97849960327147,7.011364684578327
2025-03-14 00:00:00-04:00,211.25,213.9499969482422,209.5800018310547,213.4900054931641,60107600,0.0,0.0,235.57649993896484,234.79589233398437,230.144956668391,31.206629101929266,-5.5597514512869,-2.2185070134613434,-3.3412444378255564,258.3194358328536,212.83356404507606,235.57649993896484,6.822695429764697
2025-03-17 00:00:00-04:00,213.30999755859372,215.22000122070312,209.97000122070312,214.0,48073400,0.0,0.0,234.04649963378907,234.07299285888672,228.60734174759185,31.915392503622115,-6.116742175807701,-2.9981540459306153,-3.118588129877086,258.22710894292516,209.86589032465298,234.04649963378907,6.710360041924361
2025-03-18 00:00:00-04:00,214.16000366210935,215.1499938964844,211.4900054931641,212.69000244140625,42432400,0.0,0.0,232.4574996948242,233.45514892578126,227.09140467081227,31.03100973493993,-6.587925686293801,-3.7161083740032526,-2.871817312290548,257.8364732898326,207.07852609981583,232.4574996948242,6.492476353452644
2025-03-19 00:00:00-04:00,214.22000122070312,218.75999450683597,213.75,215.2400054931641,54385400,0.0,0.0,230.97600021362305,232.89809448242187,225.96269998722673,34.817410582652926,-6.678591433271805,-4.308604985856963,-2.369986447414842,256.74007113961886,205.21192928762727,230.97600021362305,6.462298904308149
2025-03-20 00:00:00-04:00,213.9900054931641,217.4900054931641,212.22000122070312,214.1000061035156,48862900,0.0,0.0,229.3895004272461,232.28547607421876,224.8329196173495,33.92083308893409,-6.76445666858811,-4.7997753224031925,-1.9646813461849177,255.20714917808692,203.5718516764053,229.3895004272461,6.3771350020333495
2025-03-21 00:00:00-04:00,211.55999755859372,218.83999633789065,211.27999877929688,218.2700042724609,94127800,0.0,0.0,228.02550048828124,231.81199615478516,224.20788006069344,40.00654215792102,-6.421992749235329,-5.12421880776962,-1.2977739414657092,253.15725875585372,202.89374222070876,228.02550048828124,6.4616251846448085
2025-03-24 00:00:00-04:00,221.0,221.47999572753903,218.5800018310547,220.72999572753903,44299500,0.0,0.0,226.7069999694824,231.37792724609375,223.87665298134542,43.32272167487685,-5.884256824559685,-5.276226411127634,-0.6080304134320516,250.4246942966528,202.98930564231202,226.7069999694824,6.229365632532903
2025-03-25 00:00:00-04:00,220.7700042724609,224.1000061035156,220.0800018310547,223.75,34493600,0.0,0.0,225.5425003051758,231.12112976074218,223.86459079264583,47.18256839984485,-5.154984670106813,-5.251978062923469,0.09699339281665598,247.36376132843765,203.72123928191394,225.5425003051758,6.071554106813474
2025-03-26 00:00:00-04:00,223.50999450683597,225.0200042724609,220.47000122070312,221.52999877929688,34466100,0.0,0.0,224.60100021362305,230.8688784790039,223.6422486961364,44.768951518250525,-4.701965447955047,-5.141975539929785,0.44001009197473806,245.38392863086042,203.81807179638568,224.60100021362305,5.962871888595211
2025-03-27 00:00:00-04:00,221.38999938964844,224.9900054931641,220.55999755859372,223.8500061035156,37094800,0.0,0.0,223.92850036621093,230.68540283203126,223.66203511588677,47.775589432369934,-4.108380396782167,-4.9352565113002616,0.826876114518095,243.87796033962948,203.97904039279237,223.92850036621093,5.853381606164865
2025-03-28 00:00:00-04:00,221.6699981689453,223.80999755859372,217.67999267578125,217.8999938964844,39818600,0.0,0.0,222.73150024414062,230.29122772216797,223.11326928546748,41.53125592325597,-4.071146582358267,-4.762434525511862,0.6912879431535952,241.04417226447927,204.41882822380197,222.73150024414062,5.875998164848399
2025-03-31 00:00:00-04:00,217.00999450683597,225.6199951171875,216.22999572753903,222.1300048828125,65299300,0.0,0.0,221.9365005493164,230.17364166259765,223.0196250566432,46.849805555761215,-3.6581431837451817,-4.5415762571585265,0.8834330734133449,238.85067822111938,205.02232287751343,221.9365005493164,6.126998252334118
2025-04-01 00:00:00-04:00,219.80999755859372,223.67999267578125,218.8999938964844,223.19000244140625,36412700,0.0,0.0,221.29950103759765,230.04289337158204,223.0358514742397,48.123279368635366,-3.208318571226073,-4.274924719972036,1.0666061487459633,236.97167452507566,205.62732755011965,221.29950103759765,6.030784004260028
2025-04-02 00:00:00-04:00,221.32000732421875,225.19000244140625,221.0200042724609,223.88999938964844,35905900,0.0,0.0,220.70700073242188,230.07278381347658,223.1171988947548,48.99243139780883,-2.7634896331108507,-3.9726377025997994,1.2091480694889487,234.9845809871858,206.42942047765794,220.70700073242188,5.897870730308979
2025-04-03 00:00:00-04:00,205.5399932861328,207.4900054931641,201.25,203.19000244140625,103419000,0.0,0.0,219.10000076293946,229.6649005126953,221.21937066110257,31.946894128080004,-4.034765980793594,-3.985063358238558,-0.04970262255503588,233.6644134158043,204.53558811007463,219.10000076293946,7.093737063118939
2025-04-04 00:00:00-04:00,193.88999938964844,199.8800048828125,187.33999633789065,188.3800048828125,125910900,0.0,0.0,216.56550064086915,228.96421325683593,218.09181201555114,25.1932853903335,-6.166224280879646,-4.421295542766776,-1.7449287381128702,233.75301789646292,199.37798338527537,216.56550064086915,7.7191848517187
2025-04-07 00:00:00-04:00,177.1999969482422,194.1499938964844,174.6199951171875,181.4600067138672,160466300,0.0,0.0,214.26450119018554,228.14270690917968,214.603068653486,22.771001393051833,-8.317922526266045,-5.2006209394666305,-3.1173015867994147,236.5554467891394,191.97355559123167,214.26450119018554,8.562814417974286
2025-04-08 00:00:00-04:00,186.6999969482422,190.33999633789065,169.2100067138672,172.4199981689453,120859500,0.0,0.0,211.84350128173827,226.99895599365234,210.58563336924402,20.057860182068623,-10.63007513775895,-6.286511779125094,-4.3435633586338565,240.39146710769757,183.29553545577897,211.84350128173827,9.460469789834942
2025-04-09 00:00:00-04:00,171.9499969482422,200.6100006103516,171.88999938964844,198.8500061035156,184395900,0.0,0.0,210.9370018005371,226.2159896850586,209.46795458203178,41.86654729618484,-10.212073557820304,-7.071624134864137,-3.1404494229561672,239.92301318384784,181.95099041722636,210.9370018005371,10.836150606325528
2025-04-10 00:00:00-04:00,189.07000732421875,194.77999877929688,183.0,190.4199981689453,121880000,0.0,0.0,209.9740020751953,225.24244720458984,207.65386349507116,38.279512991985705,-10.44068180127772,-7.745435668146854,-2.6952461331308655,240.3113199402472,179.63668421014341,209.9740020751953,11.194283141839104
2025-04-11 00:00:00-04:00,186.1000061035156,199.5399932861328,186.05999755859372,198.1499938964844,87300000,0.0,0.0,209.20700149536134,224.45886596679688,206.7487330571105,43.094126516348176,-9.884170859324996,-8.173182706382482,-1.7109881529425142,239.9232622307169,178.4907407600058,209.20700149536134,11.35754832653196
